(
GRCg6a_Dup1:0.00608,
CAU_Silkie_D1H1:0.00075,
CAU_Silkie_D1H2:0.00031);
