(
GRCg6a_Dup2:0.00405,
CAU_Silkie_D2H1:0.00014,
CAU_Silkie_D2H2:0.00045);
