2.0575957 2.1152587 1.0247288 -0.2100919 -0.2436786 -0.2106721 -0.0770135 -0.1822771 -0.0803347 -0.0075739 -0.0151076 -0.0076105 -0.0687845 0.0349432 -0.0131218 -0.0142875 -0.0069965 -0.0096328 -0.0758739 0.0515591 -0.0103353 -0.0054183 -0.0764500 -0.0118739 -0.0736519 0.1168152 0.1692289 0.1667315 0.1699913 -0.0620328 -0.0897664 0.3280492 -0.0673220 0.0027680 -0.1691957 -0.0971991 0.3192322 -0.1215070 -0.2181776 -0.0961607 -0.0248190 0.0222427 -0.1865312 -0.1690743 0.1973333 -0.0786339 -0.0821758 -0.0844632 -0.1146577 -0.1155518 0.3296014 0.3947641 0.1453281 -0.0469452 -0.0318217 0.0325319 0.2313559 -0.2682619 -0.2981242 -0.0801561 0.4120467 -0.0547661 0.1915517 -0.3004172 -0.2139221 -0.0877279 -0.1343700 -0.2877184 -0.3214578 -0.1342196 -0.2664520 0.2660155 0.0213248 0.0820312 -0.1512245 -0.2098582 -0.1905600 -0.0124705 -0.2578259 -0.1870006 -0.1644723 0.0300728 0.6208873 -0.1151584 0.1622847 0.2946501 0.1589692 0.0240215 0.0751646 0.0923860 -0.0604185 -0.3096699 0.4057516 0.3953465 -0.0062255 0.5007579 -0.0175569 -0.0061585 0.3501957 0.4072695 0.5209743 0.4279052 -0.2620795 -0.2525067 -0.2521048 -0.1665372 -0.2879593 -0.2390876 -0.2509852 -0.2354869 0.1972027 -0.2379248 -0.2107765 -0.1604317 -0.2678672 -0.2649753 -0.1780494 -0.1461408 -0.0786724 -0.3046794 -0.2515634 -0.2119517 -0.2552110 -0.0485136 0.0161631 -0.1464611 -0.1859024 -0.1207549 -0.2218072 -0.1184611 -0.2204866 -0.2636583 -0.1691295 -0.1682066 -0.1330514 0.2567970 0.3057989 -0.3157634 -0.1665075
2.1152587 2.1237652 1.0267862 -0.2089626 -0.2455006 -0.2044444 -0.0732908 -0.1858065 -0.0793021 -0.0142452 -0.0102755 -0.0004468 -0.0698154 0.0315397 -0.0125231 -0.0123568 -0.0125510 -0.0140335 -0.0745448 0.0527131 -0.0073127 -0.0069413 -0.0732327 -0.0071842 -0.0689978 0.1206637 0.1741208 0.1623886 0.1691214 -0.0635848 -0.0872680 0.3253346 -0.0636895 0.0019114 -0.1637524 -0.0966610 0.3289941 -0.1156250 -0.2192741 -0.0957458 -0.0223399 0.0189762 -0.1824492 -0.1649688 0.1970285 -0.0783568 -0.0837621 -0.0821833 -0.1153122 -0.1211399 0.3177107 0.3949381 0.1373215 -0.0463552 -0.0287111 0.0272977 0.2254642 -0.2717170 -0.2977360 -0.0707889 0.4040077 -0.0526037 0.1979793 -0.3002593 -0.2180202 -0.0884077 -0.1365046 -0.2873208 -0.3207985 -0.1340996 -0.2651670 0.2597271 0.0200531 0.0793867 -0.1516763 -0.2101645 -0.1870036 -0.0073685 -0.2590706 -0.1879759 -0.1629643 0.0249935 0.6376515 -0.1135721 0.1647542 0.2896842 0.1596301 0.0300084 0.0738012 0.0959696 -0.0592919 -0.3048929 0.4067747 0.3984267 -0.0085755 0.5017956 -0.0196874 -0.0141465 0.3511772 0.4039814 0.5218908 0.4284030 -0.2629110 -0.2526605 -0.2550595 -0.1679074 -0.2873554 -0.2380726 -0.2517049 -0.2350897 0.1922400 -0.2362120 -0.2057837 -0.1603225 -0.2659435 -0.2682109 -0.1808940 -0.1467952 -0.0794145 -0.3068049 -0.2516866 -0.2113946 -0.2557108 -0.0483048 0.0162504 -0.1458018 -0.1880966 -0.1222407 -0.2245216 -0.1232492 -0.2174796 -0.2659455 -0.1706128 -0.1696606 -0.1360000 0.2562812 0.3073416 -0.3198300 -0.1738033
1.0247288 1.0267862 1.1136172 -0.0932258 -0.1047552 -0.0934887 1.1234609 0.4710838 1.1229022 -0.1012283 -0.0990882 -0.0908908 -0.1603939 -0.0616849 -0.1018501 -0.0962979 -0.1011494 -0.0977443 -0.1657038 -0.0340402 -0.0975539 -0.0993860 -0.1628161 -0.0929861 -0.1637864 -0.0652087 0.0588851 0.0499890 0.0540512 -0.0281262 -0.1416727 0.2160136 -0.0298071 0.0302007 -0.1592682 -0.1084167 0.1777958 -0.1187147 -0.1841335 -0.0937193 -0.0826711 -0.0860188 -0.1767660 -0.1573821 0.0336684 -0.0763057 -0.0849235 -0.1111242 -0.1144492 -0.0641552 0.0824834 0.1527206 0.0137821 0.5584545 -0.1053070 0.0099342 0.0870384 -0.2351063 -0.2644980 -0.1598199 0.3309846 -0.1047530 -0.0077217 -0.2519920 -0.2108481 -0.0904209 -0.1598082 -0.2632607 -0.2728774 -0.1428077 -0.1835542 0.1042366 -0.0569406 -0.0906272 -0.1169578 -0.2135617 -0.1633158 -0.1022795 -0.2541118 -0.0438673 -0.2025280 -0.0814869 0.3421600 -0.1708649 0.0545846 0.1231864 0.1212489 0.0200857 0.0409907 0.0328707 0.0486766 -0.2205222 0.1340173 0.1327949 -0.0938254 0.2123026 -0.0986278 -0.0957880 0.2897393 0.2926916 0.2104415 0.1357943 -0.0639735 -0.2024591 -0.2036457 0.3500866 0.0912533 -0.2172812 -0.2009048 -0.2164921 0.0992500 -0.2171371 -0.1754850 0.5496206 -0.1851842 -0.1822131 0.4093533 0.5112852 1.1373588 -0.2760788 -0.2704910 -0.2183185 -0.1290149 -0.0306578 -0.0554347 -0.1585317 -0.1939186 -0.1723426 -0.2264013 -0.1417039 -0.2237085 -0.2361117 -0.1992998 -0.2031092 -0.0743615 0.0483122 0.1324030 -0.2641655 -0.0799927
-0.2100919 -0.2089626 -0.0932258 1.0000411 0.8875306 0.9896696 -0.0099249 0.0414347 -0.0064982 -0.0626637 -0.0607319 -0.0615488 0.0401537 -0.0485010 -0.0613923 -0.0591582 -0.0604413 -0.0590742 0.0417935 -0.1578457 -0.0613566 -0.0596213 0.0484908 -0.0601993 0.0427324 0.0611272 -0.1116633 -0.1103612 -0.1274906 -0.1049951 -0.0816686 -0.1511573 -0.1053928 -0.1216166 0.1512045 0.1139001 -0.0349320 0.0783971 0.0187077 0.1317339 0.0812006 0.1613508 -0.0542710 0.1850511 -0.0161029 0.0813510 0.0884273 -0.1556828 0.0334811 0.1141852 0.1304635 0.0689508 0.0431843 0.1212358 0.0355629 -0.0117102 0.0872516 0.1667686 0.0747843 0.0503006 -0.1621779 -0.0673323 -0.0862178 -0.0204895 -0.2051208 0.1217126 -0.0814638 0.0004292 -0.0337512 -0.0915164 0.3067484 -0.1745504 0.0991539 0.0444498 0.0311185 -0.2017889 0.0616363 0.0976065 -0.0133289 0.2135847 0.1588550 0.2077671 -0.0992079 -0.0755497 -0.1158682 -0.0288645 -0.0008724 0.1491288 0.0872157 -0.1248005 0.2076371 0.0139419 -0.2271166 -0.2282356 -0.2013310 -0.2678230 -0.2014894 -0.1992502 -0.1860918 -0.1187796 -0.2628307 -0.2001351 -0.1503814 -0.1684237 -0.1684432 -0.0545792 0.0130952 0.0804794 -0.1719029 0.0788874 -0.0578912 0.0816353 0.5117922 0.4555437 0.4809240 0.4783923 0.0820452 0.2634651 0.0575781 -0.0142689 -0.1267609 -0.1181016 -0.1486078 -0.1492576 -0.2245515 -0.1456642 -0.1955586 -0.0976137 -0.1053822 -0.1267800 -0.1100349 -0.0866410 -0.1595222 -0.1683844 -0.2033020 -0.1320676 -0.2209680 -0.0084305 -0.0886394
-0.2436786 -0.2455006 -0.1047552 0.8875306 1.7659860 0.8845806 -0.0112709 -0.1347481 -0.0159388 0.1192594 0.1191781 0.1214974 0.2380869 0.1129768 0.1196674 0.1204680 0.1174750 0.1199416 0.2376361 0.0072667 0.1236171 0.1227779 0.2401134 0.1171565 0.2386169 0.2088189 -0.1135642 -0.1180245 -0.1155081 0.0405320 0.1061052 -0.0861477 0.0365211 0.0063676 -0.0636373 0.0952025 -0.0174082 -0.0227806 -0.1126711 -0.0525711 -0.0678580 0.0878657 -0.0617352 -0.0505790 0.0264941 -0.0903207 -0.0261863 -0.2026674 -0.0670042 0.0285289 0.2246902 0.1315570 0.0481099 0.2411121 0.1666910 -0.0835000 0.0918448 -0.2719436 -0.2963662 0.2372219 -0.0939506 -0.1568357 -0.1199949 -0.0556539 -0.2615532 0.0083651 -0.0912153 0.0373056 0.0082454 -0.1414589 0.1892390 -0.1785294 0.2021690 0.0631576 -0.0642976 -0.2577381 -0.1501370 0.0786781 0.0424528 0.3232529 0.1151290 0.4654044 -0.1437964 0.0011762 -0.1200181 -0.0846461 0.0273678 0.0989195 0.0320137 -0.1451316 0.3581816 -0.0819621 -0.2217322 -0.2227339 -0.1897590 -0.2912364 -0.1927665 -0.1880261 -0.1737796 -0.0334048 -0.3016478 -0.2159200 -0.2543524 -0.2130833 -0.2116811 -0.0122432 -0.0450450 -0.2199667 -0.2169001 -0.2234194 -0.1696023 -0.2208726 -0.0695515 0.9008234 0.7360123 0.7408481 -0.1623675 -0.0191733 0.0083343 -0.2446573 -0.0586482 -0.1092914 -0.2544934 -0.1535274 -0.2445074 -0.2054985 -0.2476002 -0.0774006 -0.1005901 -0.0961214 -0.0920985 -0.1080894 -0.2415267 -0.2554792 -0.2143238 -0.1569517 -0.2371160 -0.0250721 -0.0827391
-0.2106721 -0.2044444 -0.0934887 0.9896696 0.8845806 1.0045830 -0.0079311 0.0409930 -0.0091226 -0.0599880 -0.0576062 -0.0561273 0.0438873 -0.0487762 -0.0586345 -0.0560111 -0.0598044 -0.0583796 0.0468843 -0.1569050 -0.0597865 -0.0582290 0.0526248 -0.0576792 0.0468876 0.0618820 -0.1132462 -0.1171020 -0.1279056 -0.1029283 -0.0810190 -0.1489942 -0.1053098 -0.1199619 0.1519702 0.1098751 -0.0302295 0.0822177 0.0190319 0.1331482 0.0784185 0.1595627 -0.0559785 0.1922936 -0.0198966 0.0764905 0.0871890 -0.1535404 0.0327673 0.1100015 0.1301460 0.0712634 0.0435482 0.1240351 0.0439430 -0.0175674 0.0820329 0.1632521 0.0723531 0.0566487 -0.1629221 -0.0661893 -0.0858274 -0.0255601 -0.2057760 0.1256372 -0.0856408 0.0017768 -0.0356964 -0.0917751 0.3048020 -0.1772978 0.0988436 0.0432784 0.0322479 -0.2034976 0.0585169 0.0921964 -0.0130593 0.2130066 0.1550860 0.2065909 -0.0930930 -0.0780923 -0.1208988 -0.0311320 -0.0017756 0.1531488 0.0848116 -0.1226103 0.2039340 0.0171909 -0.2260509 -0.2287932 -0.2012559 -0.2666077 -0.2015110 -0.1998611 -0.1856446 -0.1187853 -0.2615661 -0.2001972 -0.1524318 -0.1671119 -0.1683270 -0.0555398 0.0142146 0.0790916 -0.1707129 0.0772813 -0.0563920 0.0787507 0.5135524 0.4523853 0.4771607 0.4787152 0.0795944 0.2641861 0.0549960 -0.0169970 -0.1285237 -0.1191875 -0.1470618 -0.1476640 -0.2237798 -0.1458589 -0.1942059 -0.0951134 -0.1036025 -0.1270828 -0.1096067 -0.0867358 -0.1603623 -0.1660062 -0.2065009 -0.1313909 -0.2232125 -0.0088309 -0.0875764
-0.0770135 -0.0732908 1.1234609 -0.0099249 -0.0112709 -0.0079311 2.3077822 1.0784869 2.2843728 -0.1713323 -0.1658473 -0.1707679 -0.2224424 -0.1608173 -0.1727929 -0.1650749 -0.1688922 -0.1701101 -0.2293594 -0.1094333 -0.1719941 -0.1722806 -0.2282524 -0.1705195 -0.2294455 -0.2547036 -0.1143837 -0.1228862 -0.1172014 0.0045250 -0.1875890 0.1046400 0.0040410 0.0608855 -0.1187444 -0.1194115 0.0115225 -0.0957194 -0.1547781 -0.1143597 -0.1550386 -0.1976569 -0.1308291 -0.1505815 -0.1294814 -0.0957416 -0.0989147 -0.1449368 -0.1003653 -0.0108515 -0.1182780 -0.0728030 -0.0879278 1.0807415 -0.1740438 -0.0538610 -0.0762744 -0.1803274 -0.1523349 -0.2307532 0.2504565 -0.1656961 -0.1985536 -0.2141745 -0.1821905 -0.0935661 -0.2050682 -0.2162524 -0.1865058 -0.1628060 -0.0325371 -0.0638971 -0.0947436 -0.2710795 -0.0759357 -0.1826662 -0.1026564 -0.2002216 -0.2240668 0.0865598 -0.2214584 -0.2023001 0.0455880 -0.2254627 -0.1149778 -0.0845350 0.0133874 -0.0008795 -0.0019834 -0.0405447 0.1450821 -0.1442329 -0.1312695 -0.1328919 -0.1768110 -0.0723195 -0.1730253 -0.1731519 0.2287955 0.1615533 -0.1075993 -0.1641958 0.1011745 -0.1711768 -0.1736064 0.7977492 0.4354866 -0.1571274 -0.1671729 -0.1545458 0.0152112 -0.1560041 -0.0489391 1.1572845 -0.0863184 -0.0829697 1.0108942 1.1357565 2.2490346 -0.1663904 -0.2766932 -0.2193691 0.0275367 -0.0150092 -0.1253833 -0.1625677 -0.1689854 -0.2008649 -0.2225234 -0.1567634 -0.2127469 -0.1910630 -0.1999757 -0.2141972 -0.0218233 -0.1598061 -0.0446238 -0.1843765 0.0350946
-0.1822771 -0.1858065 0.4710838 0.0414347 -0.1347481 0.0409930 1.0784869 1.0778003 1.0840198 -0.2976075 -0.2947531 -0.2929104 -0.2746916 -0.2696905 -0.2972503 -0.2927680 -0.2970781 -0.2918981 -0.2739663 -0.3132044 -0.2945095 -0.2965130 -0.2715180 -0.2920206 -0.2711706 -0.0684610 -0.1470823 -0.1519744 -0.1577668 -0.1979392 -0.2981241 -0.1323151 -0.2004211 -0.1616419 0.2493227 -0.0264922 -0.1055184 0.0173545 0.1609578 0.3341882 0.0348056 0.0678153 -0.0982815 0.1508665 0.2112670 0.2063816 -0.0512104 -0.1072422 0.0180679 -0.0104407 -0.0818723 -0.0892957 -0.0703021 0.4951241 -0.1939859 -0.0335148 -0.0442187 0.9108917 1.0034280 -0.2695951 -0.0372064 -0.1406304 -0.1932515 -0.1790387 -0.1394462 0.0202926 -0.1642577 -0.1465651 -0.1388229 -0.0451753 0.2004078 -0.1288855 -0.1417003 -0.1440812 0.0171016 -0.1422481 0.5197073 0.0253361 -0.1906464 -0.0274413 0.2031328 -0.2475933 -0.0731373 -0.2458712 -0.1550462 -0.0626832 0.0653624 0.0217865 0.0191823 -0.0490387 0.0558533 0.2281534 -0.2380319 -0.2389257 -0.2108635 -0.2007920 -0.2051408 -0.2106763 -0.0334842 -0.0552732 -0.2108258 -0.2597832 0.1135969 -0.0308672 -0.0273762 0.3106895 0.2426242 0.0193455 -0.0311886 0.0166313 -0.0778326 0.0181295 0.3418547 0.4892695 0.4389821 0.4382803 1.0066139 0.7276867 1.0568774 0.8835342 -0.2951220 -0.0480424 -0.0413121 -0.1299338 -0.1980468 -0.0105022 -0.1405105 -0.2212830 -0.0351822 -0.2143330 -0.0679127 -0.1610655 -0.1302422 -0.1200452 -0.1478565 -0.1986564 -0.1755256 -0.1484298 -0.0663037
-0.0803347 -0.0793021 1.1229022 -0.0064982 -0.0159388 -0.0091226 2.2843728 1.0840198 2.2866254 -0.1736233 -0.1743082 -0.1734019 -0.2307349 -0.1598779 -0.1729773 -0.1734200 -0.1749879 -0.1707315 -0.2315623 -0.1141432 -0.1752482 -0.1767566 -0.2297602 -0.1733070 -0.2307044 -0.2534526 -0.1185504 -0.1174155 -0.1245131 0.0065920 -0.1908402 0.1013571 0.0062607 0.0640521 -0.1190540 -0.1172470 0.0026334 -0.0930443 -0.1563052 -0.1149326 -0.1551587 -0.1996742 -0.1308389 -0.1533998 -0.1288856 -0.0911212 -0.1017428 -0.1542880 -0.0938970 -0.0115184 -0.1156235 -0.0682489 -0.0859635 1.0765431 -0.1796586 -0.0518121 -0.0725306 -0.1717382 -0.1447760 -0.2297904 0.2486581 -0.1694721 -0.2014287 -0.2130736 -0.1794435 -0.1006443 -0.2009808 -0.2082433 -0.1843051 -0.1544966 -0.0294567 -0.0650063 -0.0876577 -0.2702737 -0.0721188 -0.1791737 -0.0985598 -0.1963441 -0.2148819 0.0857983 -0.2227025 -0.2040898 0.0299882 -0.2260982 -0.1151139 -0.0870045 0.0159143 0.0102280 -0.0079490 -0.0320674 0.1479905 -0.1511574 -0.1371792 -0.1346899 -0.1770217 -0.0801392 -0.1724282 -0.1736175 0.2238871 0.1578754 -0.1111083 -0.1716814 0.1125563 -0.1670834 -0.1672609 0.7995542 0.4371698 -0.1550005 -0.1656314 -0.1529153 0.0077871 -0.1506589 -0.0475615 1.1566931 -0.0847791 -0.0823870 1.0144243 1.1350880 2.2522013 -0.1623606 -0.2744767 -0.2132660 0.0262586 -0.0177005 -0.1209954 -0.1578439 -0.1706323 -0.1993448 -0.2152374 -0.1450869 -0.2121551 -0.1940641 -0.1990495 -0.2152038 -0.0176586 -0.1596699 -0.0482096 -0.1913490 0.0363065
-0.0075739 -0.0142452 -0.1012283 -0.0626637 0.1192594 -0.0599880 -0.1713323 -0.2976075 -0.1736233 0.8451665 0.8144274 0.8144796 0.8237848 0.7055889 0.8225200 0.8128794 0.8237311 0.8175659 0.8221649 0.8081054 0.8217516 0.8180238 0.8175550 0.8137085 0.8178344 0.2586559 -0.1925395 -0.1903686 -0.2081164 0.2067301 0.2408828 -0.0034451 0.2012944 0.0625296 0.0019463 -0.1996238 0.0755611 -0.0832164 -0.2842901 -0.3103793 -0.2526122 -0.2007890 -0.1777996 -0.2186066 -0.1021703 -0.2305869 -0.1754491 -0.1452723 -0.1797757 -0.1853223 -0.1618355 -0.0794277 -0.2082181 0.0806380 0.1752210 -0.0704485 -0.0431247 -0.3953656 -0.4108636 0.8161861 -0.2187015 -0.2001905 -0.0184812 -0.0582520 -0.2468127 -0.2050856 -0.1796292 -0.0384587 0.0841702 -0.1527903 0.0296118 -0.0775410 0.1349210 -0.0489568 -0.1019451 -0.2387121 -0.3319714 -0.0046910 -0.1174570 0.1987960 0.0152175 0.3572810 0.1627228 0.0537911 -0.1923952 -0.0585342 -0.2174084 -0.1610139 -0.1856526 -0.0196337 0.0013649 -0.3205174 -0.0183943 -0.0238078 -0.0877973 -0.1492543 -0.0901769 -0.0814759 -0.0999001 -0.2599826 -0.1162023 -0.0588885 -0.1574879 -0.2085184 -0.2097868 -0.1769803 -0.2676528 -0.2338972 -0.2051177 -0.2377126 -0.1895461 -0.2341185 -0.2849615 -0.0325612 -0.1467212 -0.1458680 -0.2923599 -0.2319847 -0.1831567 -0.4406040 0.0532587 -0.0870362 -0.2344668 -0.1902522 -0.1863570 -0.2761551 -0.2424938 0.0085892 -0.0842187 -0.0454321 -0.1025324 -0.2234186 -0.2535427 -0.2397250 -0.0321783 -0.0322832 0.0001014 -0.1880493 -0.0565177
-0.0151076 -0.0102755 -0.0990882 -0.0607319 0.1191781 -0.0576062 -0.1658473 -0.2947531 -0.1743082 0.8144274 0.8294596 0.8133803 0.8232380 0.6999618 0.8215389 0.8189659 0.8149094 0.8172545 0.8172253 0.8040529 0.8192136 0.8152361 0.8146981 0.8130274 0.8212097 0.2546662 -0.1901910 -0.1916248 -0.2090279 0.2036024 0.2412897 0.0000915 0.2028833 0.0609945 0.0016804 -0.1921525 0.0795201 -0.0787625 -0.2840266 -0.3067245 -0.2523758 -0.2037537 -0.1742349 -0.2164456 -0.0990093 -0.2250517 -0.1742774 -0.1400020 -0.1799198 -0.1825040 -0.1736553 -0.0844673 -0.2150392 0.0845809 0.1780380 -0.0649685 -0.0427318 -0.3943035 -0.4104575 0.8129107 -0.2200325 -0.1962789 -0.0173429 -0.0571795 -0.2466863 -0.2041031 -0.1814146 -0.0407838 0.0868484 -0.1532481 0.0325972 -0.0796645 0.1362318 -0.0455523 -0.1066655 -0.2375970 -0.3312888 -0.0019979 -0.1141399 0.2026358 0.0150102 0.3522493 0.1636230 0.0585436 -0.1897081 -0.0594688 -0.2132447 -0.1577525 -0.1819760 -0.0207257 0.0029003 -0.3182991 -0.0159220 -0.0256585 -0.0916561 -0.1513241 -0.0919207 -0.0896536 -0.1017375 -0.2626615 -0.1151764 -0.0589995 -0.1615336 -0.2154196 -0.2144658 -0.1812830 -0.2666579 -0.2375508 -0.2102548 -0.2373363 -0.1931296 -0.2353416 -0.2797548 -0.0308521 -0.1416010 -0.1412594 -0.2907969 -0.2321264 -0.1777882 -0.4382230 0.0511441 -0.0869827 -0.2324973 -0.1924012 -0.1897668 -0.2784847 -0.2456301 0.0048833 -0.0845121 -0.0446606 -0.1046673 -0.2249198 -0.2573392 -0.2446593 -0.0320136 -0.0342025 -0.0008507 -0.1905136 -0.0594832
-0.0076105 -0.0004468 -0.0908908 -0.0615488 0.1214974 -0.0561273 -0.1707679 -0.2929104 -0.1734019 0.8144796 0.8133803 0.8400817 0.8188555 0.7027636 0.8120516 0.8135379 0.8065040 0.8120972 0.8206073 0.8038300 0.8222377 0.8101306 0.8181933 0.8117424 0.8191592 0.2651926 -0.1924177 -0.1932126 -0.2124397 0.2055324 0.2395108 0.0026439 0.2051009 0.0622117 0.0052772 -0.1936476 0.0790914 -0.0788085 -0.2886650 -0.3052735 -0.2505478 -0.2061179 -0.1768941 -0.2196807 -0.0998770 -0.2252095 -0.1725765 -0.1489975 -0.1798983 -0.1887170 -0.1685889 -0.0827806 -0.2103033 0.0821260 0.1802062 -0.0654977 -0.0442032 -0.3936591 -0.4136710 0.8205445 -0.2187745 -0.1986337 -0.0151540 -0.0581683 -0.2445430 -0.2110468 -0.1824481 -0.0383619 0.0863133 -0.1487516 0.0319467 -0.0817014 0.1328927 -0.0514964 -0.1040633 -0.2399326 -0.3308468 -0.0036401 -0.1146853 0.1970910 0.0163967 0.3606247 0.1671122 0.0550919 -0.1931267 -0.0593015 -0.2115121 -0.1570695 -0.1849483 -0.0214559 0.0011522 -0.3186385 -0.0163925 -0.0252936 -0.0911175 -0.1505209 -0.0894068 -0.0908716 -0.0993629 -0.2609164 -0.1126144 -0.0563555 -0.1590653 -0.2115589 -0.2119288 -0.1799512 -0.2689927 -0.2393228 -0.2070239 -0.2370666 -0.1900955 -0.2363170 -0.2797483 -0.0310467 -0.1464689 -0.1418243 -0.2860903 -0.2321720 -0.1763466 -0.4398608 0.0497569 -0.0933898 -0.2320698 -0.1912514 -0.1887350 -0.2774144 -0.2436075 0.0025182 -0.0802897 -0.0416233 -0.1064708 -0.2169002 -0.2555016 -0.2451976 -0.0302540 -0.0339897 0.0005304 -0.1946691 -0.0617635
-0.0687845 -0.0698154 -0.1603939 0.0401537 0.2380869 0.0438873 -0.2224424 -0.2746916 -0.2307349 0.8237848 0.8232380 0.8188555 1.4569812 0.7060190 0.8169516 0.8199065 0.8231875 0.8190777 1.4506308 0.1848507 0.8232608 0.8201289 1.4462477 0.8127627 1.4524018 0.3839517 -0.2931810 -0.2969489 -0.2767832 0.0947272 0.0842558 -0.0813981 0.0907895 -0.0149567 -0.1374342 -0.1215058 0.0185505 0.0308762 -0.2168726 -0.2218280 -0.2566927 -0.1657992 -0.1732277 -0.0857672 -0.2149732 -0.1090013 -0.0717396 -0.2142670 -0.1571078 -0.1551035 -0.0007575 -0.0754573 -0.0842193 0.1428282 0.3082119 0.0052323 0.0743798 -0.2882957 -0.3005084 1.4479636 -0.3453913 -0.2892557 -0.1005771 -0.1096392 -0.2985916 -0.1894370 -0.2428314 -0.0864386 0.0432714 -0.2355962 0.1798654 -0.2234546 0.2397008 -0.0585117 -0.1052760 -0.2862016 -0.2181303 0.0560453 -0.1013109 0.2517914 0.1255914 0.5181888 0.0301394 -0.0010257 -0.2978731 -0.1246796 -0.1089962 -0.0425240 -0.1298792 -0.1916624 0.0438697 -0.3733082 -0.1624836 -0.1619388 -0.2559689 -0.2213276 -0.2478479 -0.2514378 -0.1663424 -0.3457643 -0.1918284 -0.0266476 -0.2160776 -0.2441127 -0.2428964 -0.2423044 -0.3038036 -0.2793428 -0.2383661 -0.2770969 -0.2990893 -0.2761072 -0.1757696 -0.0023395 -0.0298873 -0.0302566 -0.2654826 -0.2101850 -0.2425713 -0.3354139 -0.1551864 -0.2536265 -0.2898705 -0.3136900 -0.3039826 -0.3677574 -0.3146105 -0.0257088 -0.2413479 -0.1861085 -0.2681823 -0.2043485 -0.3125736 -0.3013514 -0.1797555 -0.1332223 -0.1625773 -0.1838966 -0.1382882
0.0349432 0.0315397 -0.0616849 -0.0485010 0.1129768 -0.0487762 -0.1608173 -0.2696905 -0.1598779 0.7055889 0.6999618 0.7027636 0.7060190 0.7947876 0.7045532 0.7014182 0.6984084 0.7077454 0.7081989 0.6958252 0.7098370 0.6974350 0.7048643 0.6929458 0.7074554 0.2453454 -0.1355616 -0.1293822 -0.1401764 0.1550992 0.1962439 -0.0240798 0.1529690 0.0335167 -0.0079442 -0.1520502 0.1002216 -0.0548260 -0.2586444 -0.2752519 -0.2091981 -0.1868630 -0.1466170 -0.1834525 -0.1070919 -0.1913029 -0.1137373 -0.1127144 -0.1600098 -0.1531107 0.0009312 -0.0022756 -0.1037759 0.0912007 0.1654661 -0.0495788 0.0432570 -0.3783424 -0.3955217 0.7001499 -0.2182508 -0.1748735 -0.0299307 -0.0516824 -0.2176200 -0.1753706 -0.1682685 -0.0483193 0.0517106 -0.1426301 0.0286656 -0.0550486 0.1024056 -0.0557631 -0.0806421 -0.2127353 -0.3005615 -0.0133235 -0.1052088 0.1669639 0.0262853 0.3253931 0.1591047 0.0502035 -0.1337194 -0.0514376 -0.1996423 -0.0853344 -0.1248032 -0.0270742 -0.0036495 -0.2881878 -0.0308126 -0.0343413 -0.0641957 -0.1235450 -0.0667770 -0.0658364 -0.1049409 -0.2150917 -0.1114065 -0.0483729 -0.1752525 -0.2055009 -0.2052541 -0.1720734 -0.2474476 -0.2236086 -0.2010526 -0.2252812 -0.1837232 -0.2202634 -0.2493376 -0.0188264 -0.1337290 -0.1372086 -0.2748763 -0.2010017 -0.1539194 -0.4125160 0.0223851 -0.1118147 -0.2042871 -0.1719090 -0.1886770 -0.2688264 -0.2131569 -0.0110227 -0.1090058 -0.0536243 -0.1365109 -0.1840401 -0.2204637 -0.2091615 -0.0531160 -0.0481833 -0.0060559 -0.1765206 -0.0930249
-0.0131218 -0.0125231 -0.1018501 -0.0613923 0.1196674 -0.0586345 -0.1727929 -0.2972503 -0.1729773 0.8225200 0.8215389 0.8120516 0.8169516 0.7045532 0.8265672 0.8150280 0.8176569 0.8213814 0.8197801 0.8083695 0.8152350 0.8159220 0.8179909 0.8149788 0.8198358 0.2552685 -0.1935206 -0.1870727 -0.2095762 0.2056395 0.2421865 0.0009095 0.2052921 0.0632059 -0.0008947 -0.1960498 0.0797374 -0.0826294 -0.2873056 -0.3079287 -0.2498163 -0.2067522 -0.1775087 -0.2172688 -0.0990471 -0.2277087 -0.1748306 -0.1416993 -0.1764838 -0.1837074 -0.1716190 -0.0855113 -0.2138578 0.0810665 0.1721268 -0.0697321 -0.0434381 -0.3955233 -0.4120173 0.8149933 -0.2176811 -0.1987097 -0.0144817 -0.0582406 -0.2478064 -0.2058748 -0.1793752 -0.0409744 0.0865419 -0.1544553 0.0283001 -0.0778080 0.1382405 -0.0452825 -0.1093100 -0.2396039 -0.3325071 -0.0052703 -0.1166851 0.2031133 0.0135103 0.3554492 0.1638548 0.0572058 -0.1882218 -0.0569364 -0.2132598 -0.1561809 -0.1834403 -0.0188415 0.0008693 -0.3179810 -0.0143736 -0.0206000 -0.0855450 -0.1543276 -0.0925803 -0.0872398 -0.0997720 -0.2589524 -0.1138760 -0.0625569 -0.1564761 -0.2119695 -0.2159292 -0.1791652 -0.2663814 -0.2358696 -0.2112432 -0.2376166 -0.1940496 -0.2316874 -0.2861058 -0.0296069 -0.1459249 -0.1436734 -0.2908735 -0.2358543 -0.1775996 -0.4395782 0.0526899 -0.0834994 -0.2341794 -0.1898761 -0.1858564 -0.2771623 -0.2459155 0.0077182 -0.0847835 -0.0411504 -0.1022690 -0.2232614 -0.2571021 -0.2413669 -0.0313428 -0.0317631 -0.0012478 -0.1875177 -0.0591037
-0.0142875 -0.0123568 -0.0962979 -0.0591582 0.1204680 -0.0560111 -0.1650749 -0.2927680 -0.1734200 0.8128794 0.8189659 0.8135379 0.8199065 0.7014182 0.8150280 0.8334801 0.8105302 0.8162783 0.8210468 0.8009083 0.8169681 0.8096457 0.8164247 0.8120771 0.8198342 0.2555454 -0.1900344 -0.1908831 -0.2072050 0.2003175 0.2349579 0.0026915 0.1997042 0.0615497 0.0031074 -0.1905852 0.0851396 -0.0796194 -0.2825139 -0.2994540 -0.2541181 -0.2040968 -0.1750576 -0.2174434 -0.0995974 -0.2237865 -0.1704194 -0.1408726 -0.1812053 -0.1778340 -0.1728232 -0.0841922 -0.2150017 0.0812393 0.1753594 -0.0637172 -0.0457742 -0.3926271 -0.4097730 0.8177726 -0.2196863 -0.1981862 -0.0172851 -0.0536516 -0.2454166 -0.1980862 -0.1826257 -0.0406779 0.0818021 -0.1516586 0.0341161 -0.0795454 0.1341464 -0.0476646 -0.1081775 -0.2419163 -0.3252555 -0.0027902 -0.1127472 0.2007543 0.0134571 0.3551666 0.1664819 0.0584082 -0.1887585 -0.0622253 -0.2132407 -0.1542860 -0.1790122 -0.0199977 0.0038286 -0.3122524 -0.0149912 -0.0234646 -0.0922232 -0.1509449 -0.0923632 -0.0918040 -0.0989409 -0.2638319 -0.1089019 -0.0554260 -0.1613270 -0.2139168 -0.2154295 -0.1814153 -0.2667900 -0.2361799 -0.2081660 -0.2366746 -0.1861176 -0.2364478 -0.2814561 -0.0311727 -0.1439429 -0.1410156 -0.2867824 -0.2299163 -0.1762434 -0.4363913 0.0484637 -0.0934034 -0.2315929 -0.1928150 -0.1924737 -0.2787729 -0.2457083 0.0034125 -0.0850734 -0.0457594 -0.1052908 -0.2187193 -0.2551279 -0.2456313 -0.0313824 -0.0353902 -0.0009033 -0.1880770 -0.0600813
-0.0069965 -0.0125510 -0.1011494 -0.0604413 0.1174750 -0.0598044 -0.1688922 -0.2970781 -0.1749879 0.8237311 0.8149094 0.8065040 0.8231875 0.6984084 0.8176569 0.8105302 0.8200752 0.8141612 0.8141325 0.8037283 0.8116271 0.8112702 0.8151948 0.8116906 0.8145721 0.2571740 -0.1905015 -0.1884206 -0.2059510 0.2053376 0.2365576 -0.0028158 0.2053598 0.0628449 0.0026448 -0.1947032 0.0779393 -0.0836870 -0.2831883 -0.3081648 -0.2516965 -0.2008198 -0.1789199 -0.2174363 -0.0974313 -0.2284294 -0.1749500 -0.1441973 -0.1767324 -0.1812839 -0.1703241 -0.0794159 -0.2147039 0.0807830 0.1760071 -0.0634782 -0.0444359 -0.3910525 -0.4067490 0.8102676 -0.2175532 -0.2009479 -0.0182506 -0.0567972 -0.2437363 -0.2030696 -0.1797337 -0.0426063 0.0847459 -0.1517994 0.0292366 -0.0755883 0.1341125 -0.0439071 -0.1091082 -0.2346211 -0.3297296 -0.0051630 -0.1158025 0.1987732 0.0146613 0.3571362 0.1587892 0.0579269 -0.1923825 -0.0581192 -0.2150234 -0.1596029 -0.1833183 -0.0209302 0.0034322 -0.3193637 -0.0177628 -0.0252584 -0.0881839 -0.1524348 -0.0915009 -0.0835651 -0.1038142 -0.2588872 -0.1164890 -0.0593228 -0.1570616 -0.2129465 -0.2122718 -0.1786379 -0.2659946 -0.2349673 -0.2081721 -0.2362518 -0.1917744 -0.2341874 -0.2804303 -0.0319376 -0.1476437 -0.1456717 -0.2918144 -0.2338198 -0.1826952 -0.4379829 0.0485381 -0.0885634 -0.2326830 -0.1914974 -0.1873227 -0.2762732 -0.2416499 0.0062043 -0.0844745 -0.0474833 -0.1041075 -0.2217114 -0.2517754 -0.2390761 -0.0316531 -0.0358940 0.0033375 -0.1871130 -0.0541923
-0.0096328 -0.0140335 -0.0977443 -0.0590742 0.1199416 -0.0583796 -0.1701101 -0.2918981 -0.1707315 0.8175659 0.8172545 0.8120972 0.8190777 0.7077454 0.8213814 0.8162783 0.8141612 0.8277096 0.8198290 0.8079513 0.8176425 0.8104591 0.8133510 0.8112436 0.8192897 0.2554254 -0.1907236 -0.1850700 -0.2099719 0.2029772 0.2366728 -0.0006914 0.1999717 0.0602305 -0.0010356 -0.1935323 0.0801226 -0.0793637 -0.2848432 -0.3085540 -0.2478977 -0.2077387 -0.1753533 -0.2171718 -0.1008128 -0.2293882 -0.1746503 -0.1412684 -0.1800503 -0.1832862 -0.1671818 -0.0817301 -0.2129993 0.0831840 0.1757879 -0.0678083 -0.0412297 -0.3946680 -0.4126061 0.8118389 -0.2166149 -0.1987181 -0.0191902 -0.0611909 -0.2461672 -0.2022308 -0.1824881 -0.0375902 0.0815777 -0.1518001 0.0353125 -0.0788978 0.1353291 -0.0435213 -0.1053743 -0.2417185 -0.3288715 -0.0014566 -0.1154356 0.2066941 0.0165323 0.3558711 0.1627382 0.0565785 -0.1896200 -0.0615572 -0.2158959 -0.1573707 -0.1857668 -0.0174111 0.0024803 -0.3174497 -0.0167238 -0.0246642 -0.0903788 -0.1531261 -0.0900971 -0.0891390 -0.1013660 -0.2581950 -0.1141936 -0.0607704 -0.1627020 -0.2149343 -0.2166057 -0.1794609 -0.2701942 -0.2351116 -0.2113334 -0.2329963 -0.1890591 -0.2353238 -0.2806051 -0.0255891 -0.1429617 -0.1431147 -0.2866953 -0.2310454 -0.1753981 -0.4362799 0.0481666 -0.0894684 -0.2335292 -0.1929056 -0.1909613 -0.2765572 -0.2455801 0.0029429 -0.0829662 -0.0399782 -0.1079324 -0.2224195 -0.2580508 -0.2463428 -0.0322746 -0.0362193 -0.0004110 -0.1908852 -0.0575741
-0.0758739 -0.0745448 -0.1657038 0.0417935 0.2376361 0.0468843 -0.2293594 -0.2739663 -0.2315623 0.8221649 0.8172253 0.8206073 1.4506308 0.7081989 0.8197801 0.8210468 0.8141325 0.8198290 1.4383707 0.1825482 0.8214595 0.8155680 1.4524338 0.8131164 1.4529659 0.3837635 -0.2948638 -0.2911875 -0.2732802 0.0952057 0.0890657 -0.0778525 0.0939321 -0.0123439 -0.1354854 -0.1227429 0.0185478 0.0318016 -0.2203842 -0.2169716 -0.2527505 -0.1695746 -0.1707993 -0.0834462 -0.2138090 -0.1098430 -0.0706958 -0.2184688 -0.1541911 -0.1629308 -0.0062120 -0.0826024 -0.0864716 0.1396312 0.3057764 0.0010027 0.0718558 -0.2896854 -0.3027015 1.4487929 -0.3429278 -0.2917221 -0.0934331 -0.1070523 -0.3012891 -0.1979519 -0.2433923 -0.0859227 0.0430882 -0.2347526 0.1803164 -0.2228463 0.2359226 -0.0565231 -0.1064888 -0.2955410 -0.2157166 0.0583409 -0.1039373 0.2469480 0.1255842 0.5171911 0.0316670 0.0049370 -0.3018854 -0.1267130 -0.1086170 -0.0436937 -0.1277768 -0.1921871 0.0485398 -0.3688495 -0.1546073 -0.1586441 -0.2557971 -0.2208059 -0.2474087 -0.2544304 -0.1620162 -0.3458543 -0.1894669 -0.0242342 -0.2147886 -0.2399639 -0.2406365 -0.2403986 -0.3029537 -0.2760465 -0.2362802 -0.2761019 -0.2974930 -0.2743746 -0.1786298 -0.0033006 -0.0292498 -0.0292365 -0.2635980 -0.2101100 -0.2433298 -0.3338784 -0.1490340 -0.2524012 -0.2859648 -0.3120747 -0.3007256 -0.3641045 -0.3147964 -0.0234817 -0.2360532 -0.1818397 -0.2591632 -0.2036205 -0.3175580 -0.3008762 -0.1748805 -0.1301963 -0.1632449 -0.1885293 -0.1444026
0.0515591 0.0527131 -0.0340402 -0.1578457 0.0072667 -0.1569050 -0.1094333 -0.3132044 -0.1141432 0.8081054 0.8040529 0.8038300 0.1848507 0.6958252 0.8083695 0.8009083 0.8037283 0.8079513 0.1825482 1.4361857 0.8165186 0.8076919 0.1824505 0.8059611 0.1850383 0.1359048 -0.0844539 -0.0851212 -0.1411490 0.3079218 0.3880681 0.0737278 0.3057851 0.1369400 0.1446043 -0.2586715 0.1501136 -0.1902736 -0.3460167 -0.3913530 -0.2442659 -0.2399576 -0.1810607 -0.3465421 0.0190254 -0.3453997 -0.2714804 -0.0723698 -0.1999912 -0.2078942 -0.3371685 -0.0836990 -0.3363534 0.0293166 0.0497657 -0.1268192 -0.1588039 -0.4977964 -0.5162495 0.1819770 -0.0960516 -0.1100406 0.0609025 -0.0114730 -0.1919787 -0.2128552 -0.1184736 0.0077658 0.1259204 -0.0718881 -0.1040174 0.0620203 0.0355197 -0.0410569 -0.1039353 -0.1883164 -0.4376500 -0.0593211 -0.1247955 0.1544922 -0.0893744 0.1892246 0.3047201 0.1090108 -0.0822668 0.0136770 -0.3165015 -0.2708116 -0.2367522 0.1548707 -0.0400757 -0.2612069 0.1178769 0.1074212 0.0720528 -0.0817835 0.0655235 0.0745667 -0.0422628 -0.1775229 -0.0379654 -0.0947610 -0.1078981 -0.1904346 -0.1918923 -0.1201108 -0.2331069 -0.1971734 -0.1869540 -0.1919472 -0.0820870 -0.1975461 -0.3794388 -0.0523484 -0.2541130 -0.2509398 -0.3116300 -0.2473798 -0.1145781 -0.5380234 0.2468238 0.0707002 -0.1803374 -0.0731237 -0.0817750 -0.1888003 -0.1752870 0.0305974 0.0705910 0.0951224 0.0470546 -0.2369806 -0.1960428 -0.1886377 0.1141798 0.0590687 0.1616531 -0.1985929 0.0228844
-0.0103353 -0.0073127 -0.0975539 -0.0613566 0.1236171 -0.0597865 -0.1719941 -0.2945095 -0.1752482 0.8217516 0.8192136 0.8222377 0.8232608 0.7098370 0.8152350 0.8169681 0.8116271 0.8176425 0.8214595 0.8165186 0.8246182 0.8196485 0.8136954 0.8140280 0.8235005 0.2656031 -0.1881646 -0.1915772 -0.2126425 0.2039169 0.2404462 -0.0020259 0.1996099 0.0661403 0.0041738 -0.1940530 0.0764994 -0.0780584 -0.2841055 -0.3074493 -0.2493031 -0.2049457 -0.1752798 -0.2182054 -0.0981556 -0.2287834 -0.1753978 -0.1482184 -0.1813652 -0.1886182 -0.1669099 -0.0799746 -0.2118090 0.0839553 0.1789635 -0.0655385 -0.0440021 -0.3974164 -0.4111421 0.8159313 -0.2203204 -0.1963408 -0.0216107 -0.0610499 -0.2433939 -0.2099307 -0.1831720 -0.0378962 0.0858199 -0.1515943 0.0393715 -0.0820822 0.1332692 -0.0492190 -0.1044094 -0.2356110 -0.3307548 -0.0003217 -0.1137004 0.2005811 0.0164517 0.3537482 0.1636890 0.0539668 -0.1952062 -0.0606803 -0.2149512 -0.1601695 -0.1857547 -0.0191357 0.0054942 -0.3199860 -0.0201391 -0.0266811 -0.0927689 -0.1512153 -0.0917203 -0.0891740 -0.1000007 -0.2620465 -0.1134763 -0.0562542 -0.1618851 -0.2131902 -0.2135628 -0.1807613 -0.2689210 -0.2357068 -0.2062936 -0.2338587 -0.1909424 -0.2363827 -0.2780816 -0.0313151 -0.1401720 -0.1381789 -0.2906053 -0.2312030 -0.1798238 -0.4383708 0.0513745 -0.0880951 -0.2339879 -0.1931708 -0.1917522 -0.2776994 -0.2442920 0.0033942 -0.0816633 -0.0428300 -0.1081935 -0.2214967 -0.2571152 -0.2445806 -0.0322723 -0.0356716 -0.0036778 -0.1961541 -0.0605642
-0.0054183 -0.0069413 -0.0993860 -0.0596213 0.1227779 -0.0582290 -0.1722806 -0.2965130 -0.1767566 0.8180238 0.8152361 0.8101306 0.8201289 0.6974350 0.8159220 0.8096457 0.8112702 0.8104591 0.8155680 0.8076919 0.8196485 0.8350818 0.8152388 0.8107887 0.8187165 0.2539824 -0.1870012 -0.1905973 -0.2105038 0.2013410 0.2383435 -0.0033749 0.2017933 0.0616585 0.0063961 -0.1937768 0.0820861 -0.0770266 -0.2855163 -0.3064896 -0.2494806 -0.2049642 -0.1755060 -0.2189870 -0.0998231 -0.2279791 -0.1753298 -0.1455105 -0.1783818 -0.1831852 -0.1707508 -0.0832991 -0.2072566 0.0814234 0.1789458 -0.0618051 -0.0443030 -0.3913292 -0.4124826 0.8131689 -0.2217093 -0.2033861 -0.0211729 -0.0553828 -0.2490666 -0.2051630 -0.1819126 -0.0421081 0.0843003 -0.1535141 0.0385646 -0.0786890 0.1321385 -0.0485414 -0.1041651 -0.2387075 -0.3303059 -0.0044504 -0.1157183 0.1960512 0.0116408 0.3540131 0.1659048 0.0559674 -0.1911749 -0.0587732 -0.2135245 -0.1541245 -0.1860387 -0.0189490 -0.0000249 -0.3184813 -0.0199333 -0.0224153 -0.0892253 -0.1494333 -0.0888813 -0.0833160 -0.1012986 -0.2587962 -0.1142466 -0.0590080 -0.1611216 -0.2134669 -0.2136767 -0.1805685 -0.2651538 -0.2322496 -0.2114866 -0.2341714 -0.1899507 -0.2321799 -0.2751705 -0.0305330 -0.1391654 -0.1390013 -0.2887076 -0.2306865 -0.1793445 -0.4381242 0.0514758 -0.0884119 -0.2315741 -0.1897181 -0.1881049 -0.2780661 -0.2435315 0.0071801 -0.0862304 -0.0473459 -0.1026500 -0.2230023 -0.2543144 -0.2396382 -0.0308645 -0.0337680 0.0040392 -0.1893006 -0.0600924
-0.0764500 -0.0732327 -0.1628161 0.0484908 0.2401134 0.0526248 -0.2282524 -0.2715180 -0.2297602 0.8175550 0.8146981 0.8181933 1.4462477 0.7048643 0.8179909 0.8164247 0.8151948 0.8133510 1.4524338 0.1824505 0.8136954 0.8152388 1.4432210 0.8082047 1.4464849 0.3887550 -0.2987668 -0.2956254 -0.2772857 0.0910601 0.0879488 -0.0767438 0.0957038 -0.0147976 -0.1366124 -0.1228858 0.0217171 0.0386178 -0.2190280 -0.2130889 -0.2510113 -0.1672190 -0.1743950 -0.0828524 -0.2105110 -0.1039976 -0.0728558 -0.2201176 -0.1540425 -0.1595741 -0.0050237 -0.0787448 -0.0920727 0.1368159 0.3092889 0.0109809 0.0729292 -0.2849804 -0.2978197 1.4564365 -0.3465789 -0.2918401 -0.0921840 -0.1048673 -0.3014340 -0.1987284 -0.2402750 -0.0933766 0.0400607 -0.2332723 0.1784461 -0.2217809 0.2383082 -0.0552691 -0.1084515 -0.3006826 -0.2157928 0.0597135 -0.1041562 0.2540544 0.1248894 0.5146427 0.0285650 0.0041656 -0.3039512 -0.1205853 -0.1045258 -0.0350083 -0.1295509 -0.1908109 0.0478554 -0.3697487 -0.1586843 -0.1605391 -0.2572560 -0.2224762 -0.2482886 -0.2556294 -0.1626536 -0.3457817 -0.1884777 -0.0264225 -0.2170208 -0.2407607 -0.2394225 -0.2380735 -0.3014900 -0.2744729 -0.2390762 -0.2753103 -0.2996702 -0.2717378 -0.1682251 -0.0046936 -0.0279134 -0.0271879 -0.2643932 -0.2119138 -0.2410125 -0.3330922 -0.1521743 -0.2547772 -0.2880953 -0.3112624 -0.2984608 -0.3655005 -0.3142865 -0.0255302 -0.2398552 -0.1861966 -0.2605760 -0.2030876 -0.3158260 -0.2995370 -0.1743726 -0.1320519 -0.1631686 -0.1853343 -0.1431678
-0.0118739 -0.0071842 -0.0929861 -0.0601993 0.1171565 -0.0576792 -0.1705195 -0.2920206 -0.1733070 0.8137085 0.8130274 0.8117424 0.8127627 0.6929458 0.8149788 0.8120771 0.8116906 0.8112436 0.8131164 0.8059611 0.8140280 0.8107887 0.8082047 0.8274288 0.8128694 0.2533362 -0.1888138 -0.1898129 -0.2109434 0.2045326 0.2370932 -0.0013998 0.2049783 0.0670415 0.0044585 -0.1947524 0.0836973 -0.0808089 -0.2870383 -0.3003299 -0.2501754 -0.2066863 -0.1743035 -0.2160977 -0.1014967 -0.2246652 -0.1775872 -0.1456701 -0.1739714 -0.1839571 -0.1782351 -0.0879196 -0.2179076 0.0830709 0.1744358 -0.0653415 -0.0506181 -0.3898088 -0.4136752 0.8137031 -0.2176261 -0.2021762 -0.0176501 -0.0537925 -0.2456276 -0.2004754 -0.1810842 -0.0429416 0.0840753 -0.1486858 0.0292909 -0.0797621 0.1321184 -0.0519503 -0.1106843 -0.2383393 -0.3297822 -0.0018994 -0.1171050 0.2020273 0.0168904 0.3545756 0.1637626 0.0574603 -0.1888358 -0.0587194 -0.2120340 -0.1580927 -0.1851393 -0.0159822 0.0058360 -0.3173184 -0.0157466 -0.0240024 -0.0877099 -0.1510567 -0.0900738 -0.0868486 -0.0982549 -0.2584808 -0.1114750 -0.0550751 -0.1580153 -0.2104381 -0.2116044 -0.1719343 -0.2666209 -0.2343897 -0.2059566 -0.2360737 -0.1901014 -0.2348837 -0.2871377 -0.0300081 -0.1496532 -0.1467064 -0.2873180 -0.2335372 -0.1778161 -0.4401394 0.0523780 -0.0858567 -0.2315288 -0.1892085 -0.1851609 -0.2755519 -0.2440879 0.0090447 -0.0808843 -0.0452693 -0.1026820 -0.2196880 -0.2549511 -0.2366300 -0.0284006 -0.0300873 -0.0023964 -0.1869362 -0.0568409
-0.0736519 -0.0689978 -0.1637864 0.0427324 0.2386169 0.0468876 -0.2294455 -0.2711706 -0.2307044 0.8178344 0.8212097 0.8191592 1.4524018 0.7074554 0.8198358 0.8198342 0.8145721 0.8192897 1.4529659 0.1850383 0.8235005 0.8187165 1.4464849 0.8128694 1.4442475 0.3845325 -0.2958070 -0.2936541 -0.2766561 0.0929991 0.0866899 -0.0797294 0.0913436 -0.0122447 -0.1356727 -0.1214719 0.0145653 0.0345826 -0.2210591 -0.2166158 -0.2509545 -0.1701410 -0.1722317 -0.0846752 -0.2109116 -0.1086264 -0.0695694 -0.2145199 -0.1582438 -0.1587746 -0.0055083 -0.0797496 -0.0913030 0.1372927 0.3050232 0.0019172 0.0725309 -0.2889729 -0.3019313 1.4493233 -0.3462644 -0.2893021 -0.0956891 -0.1094819 -0.2988511 -0.1951349 -0.2430760 -0.0864753 0.0439921 -0.2359093 0.1760646 -0.2227656 0.2363842 -0.0537378 -0.1080647 -0.2905807 -0.2175471 0.0611060 -0.1022845 0.2503083 0.1222325 0.5189971 0.0285776 0.0021672 -0.3018880 -0.1287873 -0.1044994 -0.0424762 -0.1301882 -0.1903720 0.0498328 -0.3698395 -0.1606067 -0.1601447 -0.2569720 -0.2241450 -0.2470700 -0.2564827 -0.1614206 -0.3458338 -0.1887527 -0.0251027 -0.2158444 -0.2431587 -0.2430747 -0.2414498 -0.3021354 -0.2761459 -0.2388240 -0.2759523 -0.2991563 -0.2756785 -0.1731634 -0.0080806 -0.0246025 -0.0261852 -0.2633325 -0.2108450 -0.2404474 -0.3328651 -0.1495475 -0.2506006 -0.2870340 -0.3125679 -0.3010425 -0.3660282 -0.3142878 -0.0269115 -0.2375226 -0.1831248 -0.2627013 -0.2040604 -0.3178423 -0.3015850 -0.1787654 -0.1296979 -0.1685769 -0.1853613 -0.1408671
0.1168152 0.1206637 -0.0652087 0.0611272 0.2088189 0.0618820 -0.2547036 -0.0684610 -0.2534526 0.2586559 0.2546662 0.2651926 0.3839517 0.2453454 0.2552685 0.2555454 0.2571740 0.2554254 0.3837635 0.1359048 0.2656031 0.2539824 0.3887550 0.2533362 0.3845325 1.1037045 -0.1831444 -0.1887984 -0.2140105 0.0229411 0.0039756 -0.1294210 0.0227880 -0.0616947 0.0861057 -0.0038715 0.2036447 0.1671519 0.0397210 0.0530070 0.1397946 0.4858374 -0.1559980 0.0387125 0.1936935 0.2343103 -0.0378189 -0.1558290 -0.0251684 -0.0354566 -0.0580759 -0.0083487 -0.1015365 0.3008865 0.4033132 0.0403678 0.0560524 0.1281385 0.1135411 0.3876372 -0.2457844 -0.1844117 -0.0077903 -0.0451176 -0.2451151 -0.1657520 -0.0895804 -0.0973866 -0.0776711 -0.0456057 0.1075320 -0.0773463 0.0317287 0.1430465 -0.0615019 -0.2428368 0.0057981 0.2127672 -0.1348131 0.1399466 0.3341144 0.4287897 0.0685980 0.0168027 -0.1853015 -0.0114743 -0.0269910 0.0149211 -0.0595341 -0.0782363 0.0609798 -0.0836363 -0.1679907 -0.1716843 -0.1880550 -0.1816438 -0.1900513 -0.1873801 -0.1544850 -0.2339324 -0.1859265 -0.1353391 -0.2658648 -0.0775065 -0.0789382 -0.1748319 -0.1198246 -0.2050669 -0.0784286 -0.2063791 -0.2129202 -0.2079630 -0.0523570 -0.0224837 0.1633985 0.1624930 -0.0665082 -0.1567055 -0.2498197 0.0814302 -0.1951819 -0.1230830 -0.2073535 -0.2426947 -0.1972654 -0.1850086 -0.2506855 -0.0872118 -0.1102879 -0.1767003 -0.1414421 -0.1754303 -0.2412841 -0.2434524 -0.1210776 -0.0728236 -0.0633859 -0.2047229 -0.1428620
